linked list
https://practice.geeksforgeeks.org/problems/lru-cache/1      --------->    https://ide.codingblocks.com/s/258491

Stack - easy
https://practice.geeksforgeeks.org/problems/decode-the-string/0

Binary tree
Leetcode
https://www.youtube.com/watch?v=vssbwPkarPQ
https://leetcode.com/problems/flatten-binary-tree-to-linked-list/discuss/443148/C%2B%2B-solution-with-few-lines(93-100)

binary tree
easy 
https://practice.geeksforgeeks.org/problems/remove-half-nodes/1
https://practice.geeksforgeeks.org/problems/minimum-depth-of-a-binary-tree/1

medium 
https://practice.geeksforgeeks.org/problems/node-at-distance/1
https://practice.geeksforgeeks.org/problems/serialize-and-deserialize-a-binary-tree/1



Its Correct output is:
573 995 224 22 134 550 102 200 402 263 483 470 564 264 155 494 827 694 854 505 117 116 513 70 109 290 460 283 697 724 8 155 636 80 385 12 863 739 779 36 355 264 436 512 539 641 63 294 301 684 988 238 144 450 229 956 18 753 345 681 281 277 849 425 680 374 369 431 836 199 289 454 184 32 128 914 678 803 257 178 319 292 813 41 224 120 349 562 106 123 24 485 96 373 725 153 929 827 837 88 613 930 312 576 284 56 250 243 686 278 2 782 31 105 111 907 343 174 476 169 577 727 181 421 115 118 45 101 89 148 717 427 560 800 29 594 383 490 370 93 849 483 335 17 53 815 991 203 639 230 698 281 471 504 515 365 706 930 634 809 299 607 95 254 580 661 713 22 831 899 201 928 548 604 824 579 349 58 812 268 393 271 350 613 917 443 275 779 36 154 873 870 321 259 642 266 423 970 541 16 710 285 382 419 475 769 494 129 842 73 424 441 569 986 363 337 409 806

And Your Code's output is:
573 995 224 22 134 550 102 200 466 263 483 470 564 264 155 494 827 694 854 505 117 116 513 70 109 290 460 283 697 724 8 155 636 80 385 12 863 739 779 36 355 264 436 512 539 641 63 294 301 684 988 238 144 450 229 956 18 753 345 681 281 277 849 425 680 374 369 431 836 199 289 454 184 32 128 914 678 803 257 178 319 292 813 41 224 120 349 562 106 123 24 485 96 373 725 153 929 827 837 88 613 930 312 576 284 56 250 243 686 278 2 782 31 105 111 907 343 174 476 169 577 727 181 421 115 118 45 101 89 148 717 427 560 800 29 594 383 490 370 93 849 483 335 17 53 815 991 203 639 230 698 281 471 504 515 365 706 930 634 809 299 607 95 254 580 661 713 22 831 899 201 928 548 604 824 579 349 58 812 268 393 271 350 613 917 443 275 779 36 154 873 870 321 259 642 266 423 970 541 16 710 285 382 419 475 769 494 129 842 73 424 441 569 986 363 337 409 806



883
1 573 1 827 2 1 3 1 995 3 1 599 2 0 1 224 1 609 1 729 1 912 3 1 22 2 3 3 1 134 3 1 550 3 2 0 1 402 1 498 1 759 1 888 1 200 1 102 2 3 1 466 3 1 482 3 2 3 3 2 0 2 0 2 0 2 0 1 76 2 0 1 413 2 0 1 651 2 0 1 483 1 263 3 3 1 169 2 0 1 470 3 1 912 2 0 1 564 3 1 804 1 863 1 264 2 2 1 41 2 1 2 0 3 1 155 1 827 1 494 3 3 3 1 694 1 165 1 908 2 0 3 2 0 1 854 3 1 505 3 1 117 3 1 745 2 0 1 116 1 932 1 800 2 2 1 642 3 1 513 3 1 109 1 724 1 70 1 420 1 810 1 460 1 246 1 173 2 4 3 2 2 1 290 2 2 1 740 1 790 1 697 3 2 0 2 4 3 2 5 1 907 3 2 3 1 283 2 3 2 2 3 3 3 1 8 3 1 155 3 1 758 2 0 1 759 1 636 2 1 3 1 696 2 0 1 324 2 0 1 80 3 1 385 3 1 271 2 0 1 12 1 863 3 3 1 739 3 1 779 1 821 2 1 3 1 355 1 36 3 3 1 264 1 846 1 539 1 865 2 1 1 871 1 641 1 512 1 992 1 436 3 3 3 3 1 750 2 3 3 1 596 1 63 1 294 1 477 3 1 301 1 684 2 4 3 3 1 800 2 1 2 2 2 3 2 0 2 1 3 1 988 3 1 238 1 313 3 1 144 3 2 0 1 579 2 0 1 616 2 0 1 450 3 1 675 2 0 1 293 1 956 2 0 1 229 3 3 1 829 2 0 1 18 3 1 970 1 753 3 2 0 1 345 3 1 681 3 1 845 1.................



